8040
1655
651
5199
4642
8660
8510
2715
6538
7348
7311
9990
8742
4274
2113
5068
9409
4591
7168
8556
1014
5884
8194
4546
8829
4410
5335
4936
450
4891
4904
3967
1079
4016
5203
2397
298
8178
6553
6741
1445
43
5770
9123
9250
6036
8039
1877
922
1711
1820
7003
3125
3180
1771
64
1956
2984
807
2562
6450
8416
7878
7419
535
4483
9393
1136
5020
791
5223
6511
9448
4341
6245
3019
4014
5893
6763
3366
5396
6166
1291
2395
527
4326
9169
1062
8529
6152
2968
1294
2549
2861
7145
9932
8418
4919
6539
7036
8152
2942
5900
8877
6415
5502
673
7818
7729
89
4498
6735
3101
8563
4217
7481
6137
1010
2842
8711
5847
559
5781
263
4831
3990
9883
3133
6220
8211
5339
7655
1285
610
9930
6655
8013
1832
9362
6432
1426
3419
3423
658
5023
3425
2110
5250
312
5293
7905
6815
1885
418
6819
3201
7109
5253
5985
401
436
444
8115
162
5121
6203
4052
3027
7861
6359
7157
164
7926
9063
5110
7949
2837
9384
598
4040
5734
9359
9913
8675
2350
8437
2375
659
6586
7645
5033
3883
921
5891
3023
5301
634
7518
8993
680
8868
5469
859
1305
5704
833
2779
4709
958
445
953
7964
457
1012
1057
1008
1709
4448
1030
3486
6474
5631
1198
1157
5932
1256
2216
5730
8340
2478
6552
2929
7747
3437
3455
5920
3481
9752
430
3449
7441
9748
4543
874
3551
5957
3986
7283
3591
1064
7524
7742
3730
2311
4650
353
9480
7714
6071
329
6216
726
7366
5299
6858
7418
4849
4225
7393
8685
2407
7219
8514
8812
5159
5499
5567
7802
5779
8488
8662
5460
9895
2433
451
5528
3973
6183
2584
4025
9753
1004
3404
2543
1360
1289
9934
9938
2230
2841
2847
4717
8318
4593
9703
6125
9144
1940
4348
1740
7483
7761
7762
6076
1618
3804
7309
8464
9142
6416
7768
4200
7373
3033
8227
7943
5245
8724
3944
8255
7303
3918
5389
5798
2725
7297
7796
2499
668
7257
431
7677
660
7493
3832
5106
6454
6926
250
2671
6214
5180
5229
8104
2430
4701
9739
1797
7063
2177
7432
5284
7403
7349
350
713
7968
6138
6106
332
2888
647
9635
1029
6732
3753
1292
3478
9611
8088
9933
9912
9666
8335
3902
9756
9675
3325
6164
649
7060
1186
2850
3324
8804
6113
9196
8432
4857
8892
4174
8952
6082
6332
5154
7919
2655
6206
4934
2600
3761
7722
8094
3428
8895
955
8355
9410
8363
9758
7857
7734
6272
5882
3337
8056
5495
4402
6255
5652
1425
1518
3082
945
5233
3531
1515
7402
9012
8203
5537
6061
534
5782
7150
6199
1688
9332
8144
7573
8191
6170
6070
3197
6239
6248
7071
4374
2111
8893
4381
9039
5787
3071
9223
6478
6500
7095
6556
9577
3819
9211
7652
3044
3647
5262
1059
1238
410
6759
6201
541
1046
4058
4607
8414
923
7448
6231
7690
3589
3550
4548
8936
811
8911
3494
1778
1056
6101
8010
230
9053
972
7678
3096
9046
5467
5052
892
7449
1578
4020
9348
9367
592
9376
1895
9601
2162
3389
8801
7176
1552
9364
8621
3224
4137
2490
9023
8165
6537
7072
5813
9630
3508
7152
9632
4232
7341
6143
9657
3820
5313
9667
9910
66
8421
2482
3043
9935
8185
6724
5509
5427
5431
2614
2712
3463
6668
2093
2008
901
3138
3474
3633
9744
5174
3568
7578
3653
3227
4987
4531
8436
2945
6465
9931
8475
4233
6915
6842
180
166
1473
2237
2884
8119
6576
3756
9501
6574
4355
2
44
4496
4214
3137
4601
1635
2613
8422
3314
82
4932
4939
6480
138
6941
9488
8323
150
9560
862
5913
718
9031
1707
7260
911
8321
2317
6050
9944
5687
2306
6126
297
9499
4272
6079
5222
7961
7516
140
6026
9420
6014
330
2865
5060
3739
9568
5314
8569
4215
6373
1274
951
402
9277
5928
2822
1837
2044
5168
2982
1282
4953
7155
2250
1
6155
4
1185
9559
3191
8214
2873
1699
5837
9470
555
8538
609
2233
4715
6115
1273
7801
4898
9911
4303
3640
3616
8620
5565
3677
76
2935
6575
2245
2015
670
5927
2722
9386
3454
8409
3992
6293
698
3105
4465
99
1080
9602
5522
1882
739
2523
9514
1197
4242
4205
6669
681
2399
4862
7161
740
912
488
7820
3192
7938
6617
1993
537
19
5141
1584
8817
1846
792
6254
5806
20
2464
8870
3288
6800
6654
6546
7438
3790
6003
5388
6665
1931
7413
3798
6660
3655
3382
3650
3350
1809
2518
6801
2405
2287
1517
4909
4164
5784
7143
8807
6633
6258
4226
7052
2936
4859
5040
9715
90
7736
4553
973
9658
9569
645
9646
1686
4575
4148
7548
9574
9575
7596
7679
6630
3762
3817
2881
7811
2992
3307
6494
2131
351
9600
3394
6312
3863
7727
3456
7721
5905
7960
7446
8431
6362
8161
8048
7484
8263
8209
7910
2058
7285
6781
7356
1557
7305
6893
3073
7819
2081
2013
2899
7683
5673
1353
8300
5944
2424
4587
5682
6611
1807
3679
5457
6260
8061
3141
2217
3223
8026
3535
6934
6651
2879
4666
7808
6979
6370
8254
6877
51
52
6540
94
7201
137
9183
6644
35
3501
