1
1004
1008
1010
1014
1029
1030
1046
1056
1057
1059
1062
1064
1079
1080
1136
1157
1158
1185
1186
1197
1198
1238
1256
1273
1274
1282
1285
1289
1291
1292
1294
1305
1353
137
138
140
1413
1425
1426
1445
1473
150
1517
1518
1552
1557
1578
1584
1590
1618
162
1635
164
1643
1655
166
1686
1688
1699
1706
1707
1709
1711
1716
173
1740
1771
1775
1778
179
1797
180
1807
1809
1820
1832
1837
1846
1877
1882
1885
1895
19
1902
1931
1940
1956
1978
1986
1993
2
20
2008
2013
2015
2044
2058
2081
2093
2104
2110
2111
2113
2131
2162
2177
2214
2216
2217
2230
2233
2237
2245
2248
2250
2287
230
2306
2311
2314
2317
2350
2375
2379
2395
2397
2399
2405
2407
2415
2420
2424
2430
2433
2438
246
2464
2478
2482
2490
2499
25
2509
2518
2523
2543
2549
2550
2562
2584
2613
2614
2655
2660
2671
2712
2715
2722
2724
2725
2779
2822
2837
2841
2842
2847
2850
2861
2865
2873
2879
2881
2884
2888
2899
2935
2936
2942
2945
2946
2968
297
2977
298
2982
2984
2992
3023
3027
3033
3041
3043
3044
3071
3073
3082
3096
3101
3105
312
3125
3133
3137
3138
3141
3160
3180
3191
3192
3197
3201
3223
3224
3227
328
3283
3288
329
330
3307
3314
332
3324
3325
3332
3337
3350
3366
3382
3389
3394
3399
3404
3419
3423
3425
3437
3449
3454
3455
3456
3463
3474
3481
3486
349
3494
3497
3498
35
350
3501
3508
351
3520
353
3531
3535
3550
3551
3568
3572
3589
3591
3616
3625
3633
3635
3640
3647
3650
3653
3655
3677
3679
3703
3707
3726
3730
3739
3753
3756
3761
3762
3766
3789
3790
3798
3801
3804
3805
381
3817
3819
3820
3823
3831
3832
3863
3865
3875
3877
3883
3902
3918
3944
3955
3967
3973
3986
3990
3992
4
4004
401
4015
4016
402
4020
4025
4029
403
4040
4052
4058
410
4137
4142
4148
4153
4164
4174
4178
418
4205
4214
4215
4217
4225
4226
4232
4233
4242
4268
4272
4274
430
4303
431
4326
4327
4336
4341
4348
4355
436
4374
4381
4387
4402
4410
4422
4442
4448
4465
4483
4496
4498
450
451
4531
4543
4546
4548
4553
4565
457
4575
4587
459
4591
4593
4601
4607
4642
4650
4666
468
4699
4701
4702
4709
4715
4717
4719
4752
477
4849
4857
4859
4862
488
4891
4898
4904
4909
4919
4932
4934
4936
4939
4953
4958
4973
4981
4987
5020
5023
5033
5052
5060
5068
5104
5106
5110
5121
5141
5154
5168
5174
5180
5197
5199
5203
5204
522
5222
5223
5229
5233
5245
5250
5253
5262
527
5280
5284
5293
5299
530
5301
5313
5314
5335
5339
534
535
537
5388
5389
5396
541
5427
5431
5434
5444
5457
5460
5467
5469
5495
5499
5502
5509
5519
5522
5528
5537
554
555
5565
5567
559
5631
5652
5673
5677
5680
5682
5687
5704
5730
5734
5770
5779
5781
5782
5784
5787
5798
5806
5813
5837
5847
5882
5884
5891
5893
5900
5901
5905
5913
592
5920
5927
5928
5932
594
5944
595
5957
5973
598
5985
6
6003
6014
6026
6028
6036
6047
6050
6061
6070
6071
6076
6079
6082
609
610
6101
6106
6113
6115
6125
6126
6137
6138
6143
6152
6155
6164
6166
6170
6179
6183
6199
6201
6203
6206
6211
6214
6216
6220
6228
6229
6231
6237
6239
6245
6248
6254
6255
6259
6260
6272
6290
6293
6295
6312
6332
634
6359
6362
6370
6373
6387
64
6415
6416
6432
645
6450
6451
6454
647
6474
6478
6480
649
6494
6500
651
6511
6537
6538
6539
6540
6546
6552
6553
6556
6574
6575
6576
658
6586
659
66
660
6611
6617
6623
6630
6633
6644
6651
6654
6655
6660
6665
6668
6669
668
669
670
6724
673
6732
6735
6741
6750
6759
6763
6780
6781
680
6800
6801
681
6815
6819
6842
6858
6861
6877
6893
6915
6926
6940
6941
6953
6972
6979
698
7003
7036
7041
7052
7060
7063
7072
7095
7109
7112
713
7143
7144
7145
7150
7152
7155
7157
7161
7164
7168
7176
718
7201
7210
7219
7230
7257
726
7260
7262
7283
7285
7287
7297
730
7303
7305
7309
7311
7341
7348
7349
7356
7366
7373
7383
739
7393
740
7402
7403
7418
7419
7438
7441
7446
7448
7449
7474
7481
7483
7484
749
7493
751
7516
7518
752
7524
7531
7548
7554
7557
7573
7578
7596
76
7600
7622
7625
7645
7655
7677
7678
7679
7683
7690
7694
7695
7714
7721
7722
7727
7729
7734
7736
7742
7747
7757
7761
7762
7768
7796
7801
7802
7808
7811
7819
7820
7857
7861
7878
7902
7905
791
7910
7919
792
7926
7928
7938
7943
7949
7960
7961
7964
7968
797
8010
8013
8026
8039
8040
8048
8056
8061
807
8088
8094
8104
8108
8115
8119
8123
8124
8138
8144
8148
8152
8161
8165
8178
8184
8185
8191
8195
8203
8209
8211
8214
8227
8254
8255
8263
8283
829
8300
8318
8321
8323
833
8335
8340
8355
8409
8412
8414
8416
8418
8421
8422
8431
8436
8437
8464
8475
8488
8503
8510
8514
8529
8538
8542
8556
8563
8569
8573
859
862
8620
8621
8625
8632
8660
8662
8675
8685
8711
8724
874
8742
8743
8766
8801
8803
8804
8807
8812
8817
8829
8868
8870
8877
8892
8893
89
891
8911
892
8936
894
895
8952
8993
8995
90
901
9012
9023
9031
9036
9039
9046
9053
9063
91
911
912
9123
9169
9183
921
9211
9219
922
9223
923
9250
9277
9292
9297
9332
9348
9359
9362
9364
9367
9376
9384
9386
9393
94
9408
9409
9410
9420
9445
9448
945
9470
9480
9488
9491
9499
9501
951
9514
953
955
9559
9560
9568
9569
9574
9575
9577
958
9600
9601
9602
9611
9630
9632
9635
9642
9645
9646
9657
9658
9666
9667
9703
9715
972
9725
973
9739
9744
9748
9752
9753
9756
9757
9758
9813
9815
9883
9894
9895
99
9910
9911
9912
9913
9930
9931
9932
9933
9934
9935
9938
9944
9951
9990