7449
3703
7690
5040
5280
5522
8283
330
6260
7446
6611
4981
9895
1832
3790
6203
3655
3650
6254
1809
2936
3531
3456
3423
8088
3428
9393
8061
9488
3307
3227
2217
3201
4936
3141
3043
1282
9501
2992
2982
2945
3191
2899
2873
9470
2822
1273
5457
2722
6575
2518
2509
2482
9169
3223
2464
2420
2405
2399
2287
2110
740
2015
1986
8952
1931
2044
1707
6651
1699
8573
6877
6633
1557
2081
351
3863
3394
1292
807
6732
3753
2433
7484
8431
162
2058
7285
3044
645
3647
7356
2250
4226
8807
2013
7483
5673
2424
3679
3535
8026
6979
7808
7811
7943
2499
668
3366
7257
660
7677
3160
7493
3832
2660
6454
2884
6216
5180
1940
2395
5396
4326
7230
8529
1294
3501
4498
1426
658
4483
2549
4341
4348
8538
2968
9036
5932
3133
2861
7145
7383
9359
4701
5284
459
9932
7729
8013
6432
7905
829
598
522
4040
2375
7645
5301
3023
2779
859
3677
3616
4465
8300
8545
647
7721
5905
1655
8040
651
2715
9219
1079
5770
8039
1877
6036
594
922
1711
1820
6861
9645
7003
1956
4015
3801
2984
6450
3125
1902
5893
5901
2230
5920
2888
1978
1186
5434
8094
972
8185
1473
5913
6014
535
2233
1136
5020
791
5223
6511
9448
6245
4934
4014
559
1740
6763
8123
6166
1291
527
5927
3325
3324
9098
9758
5882
6781
6255
4402
4919
7036
9813
8152
3804
2942
5900
8877
6415
5502
673
9409
3101
3071
4217
7481
3073
1010
2842
8711
5781
3990
9883
6220
1590
9142
6061
1285
610
9930
6655
9362
3419
5023
328
5250
312
418
332
350
403
4699
5253
5985
401
436
431
444
8115
5121
381
8184
4052
3027
7861
7157
5106
7926
9063
5110
7949
9384
7902
5734
9913
8675
2350
8437
659
5033
3883
921
5891
634
8993
680
649
1305
2850
833
4709
958
445
953
450
7964
457
1012
1057
1008
1709
4448
1030
3486
6474
5631
1198
6387
7432
1080
1197
1882
5975
1157
1256
5730
6552
7747
4374
5787
8893
2111
6272
7095
164
9577
6556
9752
3449
4153
9748
3389
4029
874
3551
5957
3986
7283
5222
3591
1064
7524
7573
7742
2311
7554
9480
2214
7714
8632
6553
6858
4849
4225
8685
2407
8514
8812
8929
5159
5499
5567
7802
5779
8488
8662
5460
451
5528
8724
3973
6183
7210
2584
9912
4025
9753
7878
8416
2543
4142
1289
9934
3992
9938
2841
2847
4717
8318
2245
4593
9703
6125
5652
4543
5495
9386
9332
9223
3823
3766
3819
5104
9211
5313
4548
9602
8414
7678
7762
6076
1618
7309
8464
8510
5199
8660
6538
7348
7311
8432
5444
9990
4274
5068
8742
2113
4381
4591
7168
1014
4546
4410
5335
8194
8829
3789
4891
4904
4016
8804
7060
3967
4442
6416
7768
7373
3033
8227
7262
5245
3955
3944
8255
7303
3918
2562
5389
5798
2725
4327
7297
8870
3877
3798
7596
7679
7474
3817
6494
2131
7727
891
2314
7683
7819
7622
5682
5928
2879
6370
8254
6926
2946
2671
6214
5229
8104
8148
2430
298
8178
2397
2478
1158
7441
749
7063
4587
752
3730
2177
329
353
6071
468
5299
7366
7418
7393
7219
7403
7341
7349
713
7968
6138
530
7155
8214
555
3875
4715
609
9911
4303
8409
9514
669
4862
1716
7161
7144
792
1004
1029
7438
6546
5388
6003
9611
8422
6115
2317
4553
9658
94
9569
6211
9646
9574
9933
2379
2881
9666
8335
3902
9756
6164
6201
349
6113
4857
8892
4174
6082
9491
6332
5154
7919
2655
6206
6800
3761
2415
5314
955
8355
9410
8124
7734
3337
6480
8056
3707
1445
1425
1518
7801
3082
945
5233
1515
5565
7402
9012
8203
5537
2248
5837
5944
1353
534
5782
7150
6028
6199
1688
6143
8191
6170
6070
3197
6239
6248
430
9039
6229
4909
166
7796
6478
6451
6500
6654
6665
6660
3382
3350
2550
5847
3425
2216
3437
3455
3481
895
5262
1059
1238
410
6759
541
1046
4058
4607
923
5784
7531
7448
6231
3589
9183
3550
8936
811
8911
7695
3494
1778
1056
6101
8010
230
9053
9123
1413
3096
9250
9277
9046
5467
5469
5052
892
1578
4020
9348
9367
9715
592
9376
1895
7109
9601
1807
2162
8801
7176
1552
9364
8621
3224
4137
2490
4422
3180
9023
5275
8165
6537
7072
5813
9642
9630
3508
7152
9632
4232
4642
9657
9757
3820
7112
9667
9910
3805
8421
9935
7041
6724
1706
5509
6152
5427
5431
2614
2712
3463
6237
8418
2093
2008
901
2104
3138
3404
3474
3633
9744
5174
3568
2237
7578
3762
3653
3635
4987
4531
8436
8503
8475
8625
4233
6915
6842
8556
5884
6735
8563
6137
246
1065
6819
6815
6741
6750
7761
6586
5203
6106
6644
1062
6540
4898
6669
7820
8119
6576
1274
6312
3756
6574
4355
4496
4214
3137
4601
4650
1635
2613
3314
4973
4932
4939
9297
6941
8323
4831
9560
751
862
7419
718
9031
7260
911
8321
5677
6050
9944
5687
2306
6126
297
9499
4272
6079
6
7516
6026
9420
1771
7600
2865
5060
3739
9568
8569
4215
951
402
19
1837
5168
52
89
91
1
6155
5973
4
1185
9559
35
1797
1643
9635
51
64
66
8620
76
2935
90
8048
6293
698
3105
99
138
140
8340
137
2523
4242
150
4205
726
180
488
3192
7938
6617
1993
537
6953
1584
8817
8868
5704
1846
4666
7201
6539
8211
6668
9931
3498
894
7961
6359
6373
9739
681
912
3288
6801
1517
3640
3454
670
739
5141
5806
595
2
20
4953
7655
2837
5339
7736
1686
4575
4565
7557
4148
7548
7518
9575
973
6630
9600
3831
7857
7722
1885
8144
7960
6362
8161
8263
8209
7910
8108
2724
7305
4164
7143
7052
6258
6893
4859
5293
