25
9600
20
76
64
90
140
179
164
172
298
353
351
329
349
402
430
465
468
530
534
555
527
634
598
609
698
647
669
680
649
658
660
739
730
833
792
4709
955
921
1004
1008
973
1065
1030
1057
1080
1197
1157
1198
1185
9715
1291
1289
1413
1445
1425
1518
1590
1716
1709
1680
1697
1688
5068
1771
6170
1846
1832
1809
1895
1940
1931
2044
2111
2104
2058
6164
2250
6113
2424
2499
2655
2660
2636
2715
6272
2837
2856
2881
2861
2977
2935
3041
3101
3096
3073
3138
3197
3191
2842
3180
3350
3314
3425
3404
3419
3481
3455
3463
3437
3474
2614
6259
3568
3572
3635
3633
3653
3737
3753
3761
6254
3863
3820
3831
3902
3875
3973
4004
4040
4020
4142
4164
4233
4227
4242
4271
4341
4355
4326
1882
4422
4214
4496
4483
4565
4631
4587
4594
4601
4650
2613
659
4847
4939
4932
4973
5141
7695
5180
5245
5301
5389
5339
6237
5457
5431
5467
5469
5567
5528
5537
5782
5779
4232
5837
5847
5957
5928
5944
670
7150
6028
6056
6050
6106
6143
6125
6137
6199
6206
6183
6239
6260
6229
6248
6350
6373
6228
7796
6474
6451
6539
6478
6586
6553
6575
6660
6654
6630
6668
4859
6800
6898
6941
7168
7063
4200
4174
7262
7297
7287
7283
7303
7373
7402
7474
7573
7554
7524
7600
3726
7683
7679
7742
7727
7721
7819
350
7820
7811
7885
8010
7961
8061
8040
6203
8088
8195
8184
8148
8178
6201
8214
8254
8300
7801
8335
8355
8431
8436
8418
8464
8542
8556
8563
8632
8661
8743
8870
8829
2093
3550
8936
8893
8993
9039
9036
9034
9063
9031
9046
9053
9123
9183
9169
9218
9250
9292
9277
9384
9364
9348
9376
9367
9431
8026
5927
9601
9568
9560
9642
9657
9630
9632
9739
137
9752
9803
9757
9748
138
9881
9880
9910
7176
9930
9951
9935
9932
3366
6858
9944
9938
9934
9933
9931
3992
9912
9911
9895
9894
9744
9725
9703
9666
9658
9646
9635
9611
9602
9574
9569
9559
9514
9501
9491
9488
9448
9445
9420
9410
9386
9332
9297
3819
9223
9211
681
8995
8766
8892
8868
8812
8807
8803
8742
8724
8662
8660
8621
8569
8545
8538
8529
8503
8414
8416
8412
5867
8263
8227
8203
8191
8165
8161
8144
8119
8115
8108
8104
8056
7968
7960
7949
7943
7928
7926
7910
7902
7861
7857
7808
7788
7761
7757
7736
7734
7729
7690
7678
7655
7645
150
4137
7557
7548
7483
7446
7448
7418
7403
7393
7356
7349
7348
7341
7311
7309
7260
7242
7219
7210
7164
7161
7155
7143
7137
7112
7109
7072
7052
7041
7011
166
6940
6915
6893
6877
6857
6842
6819
6815
7946
6763
6759
6741
6735
6669
6644
6633
6611
6576
6552
6540
6538
6537
6454
173
6416
6387
6179
6155
6126
6079
6076
6026
7516
5985
5975
5973
7157
9913
5891
5798
5784
5734
5687
5677
5652
5631
5579
5522
5499
5495
5460
5388
5314
5313
5293
5280
5223
5204
5174
3703
5121
5110
5104
5060
5033
5020
381
7578
5006
4993
4987
4936
4909
4904
4816
4752
4717
4702
4701
4699
4666
4591
4575
4548
4546
4531
4442
4410
4387
4381
4374
4327
4274
4272
4153
4029
4025
4016
3986
3967
3955
3944
3918
3883
3877
7768
3817
3805
3798
3790
3789
3756
3707
3655
3650
3640
3591
3589
3551
3531
3520
3508
3456
3454
3449
5222
3389
3337
3324
3307
2214
3227
2217
246
3201
3163
3141
3105
3082
3043
3033
3027
2992
2982
8323
2945
2899
2873
2865
2847
2841
2248
2724
2722
2671
2584
2550
2518
2509
3596
2482
2478
2433
2464
2430
2420
2415
2407
2405
2399
2397
2317
2311
2287
2113
2110
2015
2008
1986
1906
1885
8952
1820
1797
1707
1699
5680
1686
1643
1635
1607
1557
1517
2081
1426
1305
8573
1292
1285
1282
1274
1273
740
807
3399
7484
3044
645
610
3647
3739
9012
1062
822
6362
1720
6214
1064
8685
2712
3535
6979
7257
7677
3906
7493
6216
4148
8283
5396
3501
4225
3497
401
7694
418
9359
8013
6432
7905
829
4215
431
6926
522
2375
3023
2779
859
3677
3616
4465
488
3192
874
3498
66
6
464
791
892
894
895
89
5197
1807
2162
8801
537
1552
6617
5704
1584
6511
7762
7385
91
1618
1079
1837
19
99
595
5770
594
1711
6861
4857
9645
6724
559
7003
6972
1956
4015
3494
8620
3801
5168
6101
9575
1778
6593
6450
3125
1902
6480
5893
312
5901
2230
5920
2888
1978
6003
230
1186
5434
972
330
332
6071
8185
2177
1473
450
457
459
5905
5913
6014
477
535
554
2233
1136
2303
651
1014
9753
26
9219
1
2
5154
749
2314
752
5199
891
1226
911
5229
5233
8321
4178
436
1056
1059
2725
1740
8123
7596
6651
3137
8318
2523
8488
5253
8514
6115
6370
8437
5673
4226
2350
6152
1029
3762
8625
6574
592
2936
8422
4553
3223
328
3679
3730
668
713
751
1294
4348
1578
5335
3133
5932
6082
6332
2968
6780
7095
7145
7383
7938
7518
8048
4
9758
5882
391
6781
6255
4058
3625
4402
7714
4919
9667
8421
9813
8152
3804
8211
4448
2942
5900
104
8877
6415
5502
3865
673
7625
945
4007
7878
9409
7747
2216
6061
718
7088
862
2543
2984
5509
5682
6655
7144
3071
7481
541
1706
6801
912
4934
1010
9362
5781
7471
3990
9883
797
8817
6220
2237
9990
2976
4891
6862
2562
2131
2102
7636
5299
3578
6623
6482
4715
4303
8132
3424
8409
5952
5806
4336
2677
9815
1486
2387
5203
7919
5813
4981
5831
5565