1
1004
1008
1014
1029
1030
104
1056
1057
1059
1062
1064
1065
1079
1080
1157
1185
1186
1197
1198
1226
1273
1274
1282
1285
1289
1291
1292
1294
1305
137
138
140
1413
1425
1426
1486
150
1517
1518
1552
1557
1578
1584
1590
1607
1635
164
1643
166
1680
1688
1697
1699
1706
1707
1709
1711
1716
172
1720
173
1740
1771
1778
179
1797
1807
1809
1820
1832
1846
1882
1885
1895
19
1902
1906
1931
1940
1956
1978
1986
2
20
2008
2044
2058
2081
2093
2102
2104
2110
2111
2113
2131
2162
2177
2214
2216
2217
2230
2233
2237
2248
2250
2287
230
2303
2311
2314
2317
2375
2387
2397
2405
2407
2415
2420
2424
2430
2433
246
2464
2478
2482
2499
25
2509
2523
2543
2550
2562
2584
26
2613
2614
2636
2655
2660
2712
2715
2722
2724
2725
2779
2837
2841
2842
2847
2856
2861
2865
2873
2888
2899
2935
2936
2942
2945
2968
2976
2977
298
2982
2984
2992
3023
3027
3033
3041
3043
3044
3071
3073
3082
3096
3101
3105
312
3125
3133
3137
3138
3141
3163
3180
3191
3192
3197
3201
3223
328
329
330
3307
3314
332
3324
3337
3350
3366
3404
3419
3424
3425
3437
3449
3454
3455
3456
3463
3474
349
3494
3497
3498
350
3501
3508
351
3520
353
3531
3535
3550
3551
3568
3578
3591
3596
3625
3633
3635
3640
3647
3650
3655
3677
3679
3703
3707
3726
3730
3737
3739
3753
3756
3761
3789
3790
3798
3801
3804
3805
381
3817
3819
3820
3831
3863
3865
3875
3877
3883
3902
3906
391
3918
3955
3967
3973
3986
3990
3992
4004
401
4015
4016
402
4020
4025
4029
4040
4058
4137
4142
4148
4153
4178
4200
4214
4215
4225
4227
4232
4233
4242
4271
4272
4274
430
4303
431
4326
4327
4336
4341
4348
4355
436
4387
4402
4410
4422
4442
4465
4483
4496
4498
450
4531
4546
4548
4553
457
4575
4587
459
4591
4593
4594
4601
4631
465
4650
4701
4702
4709
4752
477
4816
4847
4857
4859
488
4891
4904
4909
4919
4934
4939
4973
4981
4993
5006
5020
5060
5068
5110
5121
5141
5154
5168
5180
5197
5199
5204
522
5222
5223
5229
5233
5245
5253
527
5280
5293
5299
530
5313
5339
534
535
537
5388
5389
5396
5431
5434
5457
5467
5469
5495
5499
5502
5509
5522
5528
554
555
5567
5579
559
5631
5652
5673
5677
5680
5682
5687
5704
5770
5781
5782
5784
5798
5806
5813
5847
5867
5882
5891
5893
5900
5901
5905
5913
592
5920
5927
5928
594
5944
595
5957
5973
5975
598
5985
6003
6026
6028
6047
6050
6056
6061
6071
6076
6079
6082
609
610
6101
6106
6113
6115
6125
6126
6137
6143
6155
6164
6170
6179
6199
6201
6203
6206
6214
6216
6220
6228
6229
6237
6239
6248
6254
6255
6259
6260
6272
6332
634
6350
6362
6370
6373
6387
64
6416
6432
645
6451
647
6474
6478
6480
649
651
6511
6537
6539
6552
6553
6574
6575
6576
658
6586
659
6593
66
660
6611
6617
6623
6633
6644
6651
6655
6660
6668
6669
668
669
670
6724
673
6735
6741
6750
6759
6780
6781
680
6800
6801
681
6819
6842
6857
6858
6861
6862
6893
6898
6915
6926
6940
6941
6972
6979
7003
7011
7041
7052
7060
7063
7072
7088
7095
7109
7112
713
7137
7143
7144
7145
7150
7155
7157
7161
7168
7176
718
7210
7219
7242
7257
7260
7262
7283
7287
7297
730
7303
7309
7311
7348
7349
7356
7366
7373
7383
7385
739
7393
740
7403
7418
7446
7448
7471
7474
7481
7483
7484
749
7493
751
7516
7518
752
7524
7548
7554
7573
7578
7596
76
7600
7625
7636
7655
7677
7679
7683
7690
7694
7695
7714
7721
7727
7734
7736
7747
7757
7762
7768
7788
7801
7808
7819
7820
7857
7861
7878
7885
7902
7905
791
7910
792
7926
7928
7938
7943
7946
7949
7961
7968
797
8010
8013
8026
8040
8048
8061
807
8088
8104
8108
8115
8119
8123
8144
8148
8152
8161
8165
8178
8184
8185
8191
8195
8211
8214
822
8227
8253
8254
8263
8283
829
8300
8318
8321
8323
833
8409
8412
8414
8416
8418
8421
8431
8436
8437
8464
8488
8503
8514
8538
8542
8545
8556
8563
8569
8573
859
862
8620
8621
8625
8632
8660
8661
8662
8685
8724
8743
8766
8801
8803
8807
8812
8817
8829
8868
8870
8877
8892
8893
89
891
892
8936
894
895
8952
8993
90
901
9012
9034
9039
9046
91
911
912
9123
9169
9183
921
9211
9218
9219
9223
9250
9277
9292
9297
9332
9348
9359
9362
9367
9376
9384
9386
9409
9410
9420
9431
9445
9448
945
9455
9479
9488
9491
9514
955
9568
9569
9574
9575
9600
9601
9602
9630
9632
9635
9642
9645
9646
9657
9658
9666
9667
9703
9715
9725
9744
9748
9752
9753
9757
9758
9803
9813
9880
9881
9883
9895
99
9910
9911
9912
9913
9930
9931
9932
9933
9934
9935
9938
9944
9951
9990